,246
Gender,2.0
site,1.0
STAI_X1_total,3.0
RAS_total,4.0
RSES_total,3.0
MaDE,0.0
suicidal_attempt,0.0
PHQ_1,4.0
PHQ_2,4.0
PHQ_3,1.0
PHQ_4,2.0
PHQ_5,1.0
PHQ_6,3.0
PHQ_7,4.0
PHQ_8,1.0
GAD_1,2.0
GAD_2,4.0
GAD_3,4.0
GAD_4,3.0
GAD_5,1.0
GAD_6,2.0
GAD_7,1.0
ID,201869.12492365675
suicidal_idea_within_2wk,1.0
