,17485
Gender,1.0
site,1.0
STAI_X1_total,3.0
RAS_total,3.0
RSES_total,4.0
MaDE,1.0
suicidal_attempt,0.0
PHQ_1,4.0
PHQ_2,1.0
PHQ_3,4.0
PHQ_4,1.0
PHQ_5,1.0
PHQ_6,4.0
PHQ_7,1.0
PHQ_8,1.0
GAD_1,1.0
GAD_2,4.0
GAD_3,4.0
GAD_4,3.0
GAD_5,1.0
GAD_6,1.0
GAD_7,1.0
ID,205410.95175866448
suicidal_idea_within_2wk,1.0
